35,8
10,231
10,197
10,287
10,99
10,141
10,29
10,285
10,107
11,5
11,29
11,11
11,13
11,27
9,5
8,12
38,8
38,7
38,6
38,5
38,4
38,3
38,2
38,1
38,0
35,7
35,6
35,5
35,4
35,3
35,2
35,1
35,0
32,3
32,2
32,1
28,4
28,3
28,2
28,1
27,3
27,1
20,3
20,2
20,1
19,3
19,2
19,1
18,3
18,1
14,3
14,1
13,3
13,1
12,3
12,2
12,1
11,28
11,24
11,22
11,16
11,14
11,4
11,3
11,2
11,1
10,308
10,270
10,264
10,232
10,226
10,168
10,126
10,116
10,3
10,2
10,1
9,7
9,6
9,4
9,3
9,2
9,1
8,18
8,17
8,16
8,14
8,8
8,7
8,6
8,3
8,2
8,1
3,3
3,2
3,1
2,3
2,2
2,1
0,472
0,273
0,270
0,0
